8.395923643531098823e-02
4.127482674429275300e-01
2.118104422743274928e-01
6.138616714994656748e-02
4.316264667146771372e-01
1.892556835605306575e-01
9.996471510403386329e-01
1.700233101675807657e-01
4.510953299507591829e-02
3.194426653531786675e-01
8.113762013832251929e-01
6.280084096120117088e-02
2.777022781536289120e-01
1.717346627697897976e-01
9.388537982944390459e-01
6.148211359337682480e-02
2.134257535086765967e-01
3.052321385093482720e-01
7.764681993892983414e-01
1.797199192473835638e-01
2.535049617593791993e-01
4.592842246068495893e-02
1.907908108186325835e-01
3.624226009655586722e-01
1.158864164004618502e-01
3.031929368283144965e-01
4.170663877754407500e-01
3.637072586594843754e-02
3.273340401767362712e-02
1.249461887754850509e-01
4.878001702927447364e-02
8.181586416708462595e-02
4.169712927608158759e-02
2.281174969474913106e-01
7.361958585128505206e-01
3.598748827186378230e-01
7.438407749519332368e-02
4.661270794597315303e-01
1.009602448149455461e-01
4.905102314297215410e-02
2.394336876541104664e-01
4.266551562830113720e-01
7.963092594018925108e-02
9.596506045666278184e-02
9.144087074372055923e-01
4.383934634665279106e-02
1.643804107255276981e-01
8.681223953154899864e-02
7.182873245833756859e-02
2.407163067195194628e-01
9.997969179570608267e-01
1.932329137898613491e-01
9.996727316532670882e-01
3.894809425371723033e-01
8.518348272425160239e-01
8.968108081473291637e-01
7.202688036098882085e-01
6.053437148515701249e-01
6.427836014042171975e-01
9.497292112304743794e-01
8.275752062802393949e-01
8.430941962086861974e-01
1.820341547131399396e-01
8.807306293700315480e-01
9.644584423918084459e-01
6.514062368901613054e-01
8.289129029281327998e-01
9.986068582792569925e-01
3.793491196811820121e-01
9.482509007770262288e-01
9.774239660936832053e-01
3.118119856737612272e-01
6.300739874915697314e-01
4.262028120441060386e-01
8.020859332137930675e-01
9.912832425356812305e-01
7.102165441570816862e-01
4.702095964353625868e-01
9.820112709621475755e-01
2.498713875085069036e-01
1.602608014353693322e-01
9.998601031741355394e-01
9.681678355033054295e-01
9.343393613803619990e-01
5.085324035602354353e-01
8.780004914358022772e-01
8.046763169432591400e-01
6.498020150562741071e-01
7.525075971933119501e-01
9.999454503652210891e-01
2.342792109180919236e-01
7.147115302900749478e-01
6.953285531222017646e-01
8.041822538235228190e-01
8.353995443712437519e-01
5.220591687557439853e-01
5.029753380227163229e-01
7.232943110330872782e-01
9.979438200560458716e-01
4.142514787550786726e-01
