1.849953342266728584e-01
1.220791156950379180e-01
1.207852838906118415e-01
1.228427198403927029e-01
9.455383371057018982e-01
9.166822346179541725e-01
3.093723097092732077e-01
9.361829995226186515e-03
2.275558606560521280e-01
1.893130717333150470e-01
1.697399275907392757e-01
1.204080287687952916e-01
8.265533095424636434e-01
9.178534967365330199e-02
8.516397133853526036e-01
3.987170085802556330e-02
2.916344819751698347e-01
1.510439882291624292e-01
2.708835861206131956e-01
6.273139793134784037e-02
1.450786931187070805e-01
2.209632023867870720e-01
1.217282313852796755e-01
4.457694378057541762e-02
2.213137550071864190e-01
2.223133604043241729e-01
3.785960665615127341e-01
9.805251746415820369e-02
9.844233719438130747e-02
1.150523491565442757e-01
4.122508265626076973e-01
5.835676367684553556e-01
7.013397266013604581e-02
1.849199343658577688e-01
7.390333552177483223e-02
2.900645570659791117e-01
3.640263855704185536e-01
2.808386181157668249e-01
1.038725376964757113e-01
1.818640961211240303e-02
2.285281410319544848e-01
6.809466511043080206e-02
2.028854519380954569e-01
3.156093257834641785e-01
8.909837322693875405e-02
2.237065378900650048e-01
2.562076751182403300e-01
3.695713842753316214e-02
1.410424753662914421e-01
1.568386889026097963e-01
9.317855752250543411e-01
7.358836239715367267e-01
7.833305532340955057e-01
8.592675204480221263e-01
5.865927227599596616e-01
8.451064948208928396e-01
9.096532642508081690e-01
6.675485726775765016e-01
6.507423244513720340e-01
9.565950930866196078e-01
8.962023757547150637e-01
4.227020741532790393e-01
9.773337770985509598e-01
6.752938631771440159e-01
5.098909783464256051e-01
9.794628853660253265e-01
9.524517944614069309e-01
8.125922120926665215e-01
9.021820083108943455e-01
4.216910686020886034e-01
6.252297762673749704e-01
4.783866352525122378e-01
3.509581964924339825e-01
9.847919194818250954e-01
2.575119949449500290e-01
8.466291331986257607e-01
8.244665104725393823e-01
7.249136104500812916e-01
8.390147466707432999e-02
7.632555597005051817e-01
7.534911261321020071e-01
8.903322705379711488e-01
8.931204495929435661e-01
9.624907496946214502e-01
7.666126822281409403e-01
9.547908337114459076e-01
9.955925620260563935e-01
4.095736105911046976e-01
9.809345619056988319e-01
8.975747110840247567e-01
7.353312153409368168e-01
4.907089544743107878e-01
5.643886821784547259e-01
8.609824534894072734e-01
2.190553041848846694e-01
9.477372882778244412e-01
8.910611593715290768e-01
6.731991935626420176e-01
8.274172562558116395e-01
9.788009695636117335e-01
